scenario_num: 1
name: Recon
map: Scenario 1.png
0x0: 121,39
upperRight: 6984,39
lowerRight: 6984,2606
hexCountX: 35
hexCountY: 12


END *************************************************************************************
x = 6984 - 121: 6863
y = 2606 - 39:  2567

len_X = 6863 / 34: 201.852941177
len_Y = 2567 / 11: 233.363636364



(201.852941177 * 11) + 121 = 2341
(233.363636364 * 11) + 39 + (233.363636364 / 2) = 2722




